0 235 SA_classdata POLY_ID2
1 2         1333.93008
1 4         1359.17265
1 9         1562.55062
1 7         1618.63752
2 49         923.961215
2 1         1333.93008
2 9         1408.91211
2 3         1485.76099
3 66         898.845341
3 50         1314.78167
3 2         1485.76099
3 51         1535.24349
4 5         1196.90845
4 1         1359.17265
4 84          1458.9074
4 85         1480.30043
5 4         1196.90845
5 125         1263.16727
5 6         1433.88478
5 105         1552.26234
6 7         1064.75166
6 124         1188.36576
6 5         1433.88478
6 123         1544.26093
7 8         905.628206
7 6         1064.75166
7 207         1248.46363
7 1         1618.63752
8 7         905.628206
8 9         1055.91306
8 208         1163.92241
8 207         1481.33936
9 8         1055.91306
9 10         1173.38625
9 2         1408.91211
9 1         1562.55062
10 9         1173.38625
10 49         1352.07214
10 2         1560.82667
10 55         1884.70147
11 12         2537.49102
11 55         2762.08055
11 56          2985.6678
11 15         3325.01984
12 209         1103.31606
12 10         2224.38411
12 55         2478.18454
12 11         2537.49102
13 39         1952.18553
13 14         2455.16629
13 20         2940.35375
13 15         3207.48156
14 20         1556.88394
14 38         2276.92002
14 13         2455.16629
14 33         2732.87872
15 18         1676.42807
15 17         2780.80418
15 20         2981.96397
15 13         3207.48156
16 17         1435.66579
16 217         2393.07769
16 18         2408.29804
16 223          2655.9965
17 217          1367.2045
17 16         1435.66579
17 18         2555.15284
17 216         2625.54284
18 15         1676.42807
18 19         1976.44682
18 20         2280.07761
18 16         2408.29804
19 21          1184.9936
19 33         1788.99849
19 18         1976.44682
19 20         2113.90607
20 14         1556.88394
20 33         2009.89029
20 19         2113.90607
20 18         2280.07761
21 19          1184.9936
21 33         2387.06592
21 18         2840.53435
21 27         3096.50328
22 28          1906.3755
22 29         1987.63818
22 222         2583.66193
22 27         2662.26483
23 24         1459.23618
23 28         2417.46374
23 31         2428.01728
23 26         2664.25194
24 23         1459.23618
24 45         1875.77156
24 25         2438.63272
24 26         2454.48167
25 26         1401.35513
25 35         1742.25718
25 46         1886.96388
25 44          2176.3799
26 25         1401.35513
26 35         2142.40906
26 34         2426.51636
26 24         2454.48167
27 28         2075.53199
27 22         2662.26483
27 23          2832.8217
27 21         3096.50328
28 29         1468.79464
28 22          1906.3755
28 27         2075.53199
28 23         2417.46374
29 30         1402.17471
29 28         1468.79464
29 22         1987.63818
29 31         2388.83564
30 29         1402.17471
30 31         1623.44924
30 28         2459.80813
30 22         3388.81018
31 30         1623.44924
31 29         2388.83564
31 23         2428.01728
31 28         2498.75304
32 36         1517.32089
32 34         1687.34955
32 40         1886.66722
32 35         2146.22748
33 19         1788.99849
33 20         2009.89029
33 34         2152.78331
33 21         2387.06592
34 32         1687.34955
34 35         1924.29152
34 33         2152.78331
34 26         2426.51636
35 25         1742.25718
35 34         1924.29152
35 26         2142.40906
35 32         2146.22748
36 40         1189.62434
36 32         1517.32089
36 38         2667.89218
36 34         3203.75122
37 65         1161.02638
37 38         1946.60256
37 39         2702.12938
37 36         3930.47372
38 37         1946.60256
38 14         2276.92002
38 39         2615.52635
38 36         2667.89218
39 13         1952.18553
39 38         2615.52635
39 37         2702.12938
39 14         2950.30217
40 36         1189.62434
40 32         1886.66722
40 43          2111.5117
40 35         2728.44588
41 42         2025.17702
41 46         2059.15418
41 45         2787.75715
41 44         2955.39512
42 41         2025.17702
42 44         2150.15308
42 46         2725.69219
42 43         2776.85455
43 44          1606.1249
43 40          2111.5117
43 35          2409.9398
43 42         2776.85455
44 43          1606.1249
44 46         1805.39149
44 42         2150.15308
44 25          2176.3799
45 24         1875.77156
45 46         1891.74153
45 41         2787.75715
45 25         2864.61399
46 44         1805.39149
46 25         1886.96388
46 45         1891.74153
46 41         2059.15418
47 45         3138.40441
47 41         3629.03701
47 46         4458.03572
47 24         4717.44537
48 31         2688.52178
48 30         3451.97705
48 233         3938.36494
48 23         4601.24591
49 2         923.961215
49 10         1352.07214
49 50         1401.36483
49 54         1501.43138
50 51         940.659297
50 3         1314.78167
50 49         1401.36483
50 66         1524.01094
51 50         940.659297
51 66         1136.58063
51 69         1155.06524
51 3         1535.24349
52 70         1429.70578
52 71         1523.92771
52 53         1530.21596
52 59         1856.26846
53 54         1234.01971
53 50         1527.45219
53 52         1530.21596
53 49         1805.62609
54 55         1006.82647
54 53         1234.01971
54 49         1501.43138
54 10         2122.57991
55 54         1006.82647
55 10         1884.70147
55 49         1972.81564
55 56         2082.84653
56 55         2082.84653
56 54         2137.07083
56 57         2297.82271
56 53         2695.61242
57 64         2029.64759
57 58         2202.02862
57 56         2297.82271
57 63         3650.77106
58 57         2202.02862
58 59         2341.94545
58 60         2372.83201
58 61         2899.36311
59 60         1564.87263
59 52         1856.26846
59 71         2161.79088
59 58         2341.94545
60 59         1564.87263
60 61         1685.23535
60 78          2332.4476
60 58         2372.83201
61 60         1685.23535
61 62         2430.01998
61 78         2479.48661
61 58         2899.36311
62 61         2430.01998
62 78         3811.24887
62 60         4088.56778
62 58         4984.10333
63 64         1914.80708
63 57         3650.77106
63 65         4237.85906
63 39         4297.02984
64 63         1914.80708
64 57         2029.64759
64 39         3565.74502
64 58         3804.71997
65 37         1161.02638
65 38         3102.05949
65 39         3233.59877
65 63         4237.85906
66 3         898.845341
66 51         1136.58063
66 67         1145.42564
66 85         1300.96932
67 68         1079.66782
67 66         1145.42564
67 85         1261.30316
67 69         1335.56144
68 67         1079.66782
68 73         1652.49278
68 86         1805.06692
68 91         1808.81634
69 51         1155.06524
69 70         1193.36955
69 72         1198.35899
69 67         1335.56144
70 72         1128.34547
70 71         1184.90511
70 69         1193.36955
70 52         1429.70578
71 70         1184.90511
71 77          1446.9436
71 52         1523.92771
71 72         1783.91125
72 74         1031.12379
72 70         1128.34547
72 69         1198.35899
72 73         1380.99689
73 72         1380.99689
73 75         1413.87017
73 74         1451.30408
73 92         1463.22366
74 75         1012.41231
74 72         1031.12379
74 73         1451.30408
74 77         1493.19789
75 74         1012.41231
75 73         1413.87017
75 76         1454.46023
75 72         1869.70714
76 75         1454.46023
76 81           2135.694
76 74         2338.22921
76 79         2444.41375
77 71          1446.9436
77 74         1493.19789
77 75         2001.30288
77 72         2231.70935
78 79          1766.4518
78 60          2332.4476
78 77         2455.43973
78 61         2479.48661
79 78          1766.4518
79 77         2257.17078
79 80         2287.94022
79 76         2444.41375
80 79         2287.94022
80 81         2453.98562
80 82          2880.7129
80 78         3347.07191
81 82         1559.87974
81 76           2135.694
81 80         2453.98562
81 79         2647.57062
82 81         1559.87974
82 80          2880.7129
82 102         3059.46946
82 76         3627.54359
83 82         10882.6527
83 103         10927.2998
83 80          11318.467
83 81         12254.1851
84 85         1145.22663
84 4          1458.9074
84 106          1500.1247
84 5         1605.47385
85 84         1145.22663
85 67         1261.30316
85 66         1300.96932
85 4         1480.30043
86 87         1515.71199
86 91         1572.12288
86 90         1684.24196
86 84         1700.88519
87 107         948.613437
87 88         1268.74637
87 106         1336.75063
87 86         1515.71199
88 89         794.702225
88 87         1268.74637
88 107         1338.24961
88 90         1528.30356
89 88         794.702225
89 95         1184.91168
89 90         1497.43585
89 94         1809.27666
90 91         1377.61668
90 94         1405.93951
90 89         1497.43585
90 88         1528.30356
91 90         1377.61668
91 93         1428.24828
91 86         1572.12288
91 68         1808.81634
92 73         1463.22366
92 93         1612.91509
92 75         2005.62268
92 91         2099.93343
93 99         1091.33987
93 91         1428.24828
93 92         1612.91509
93 94         1651.52343
94 90         1405.93951
94 98         1421.48175
94 93         1651.52343
94 89         1809.27666
95 89         1184.91168
95 88         1929.52245
95 94         1987.01672
95 113         2190.34552
96 97         1731.58023
96 95         2901.05014
96 114         2996.43079
96 98         3425.23398
97 96         1731.58023
97 98         1897.16179
97 101         2579.31509
97 95         2668.54344
98 94         1421.48175
98 99         1745.09712
98 100         1835.90494
98 97         1897.16179
99 93         1091.33987
99 100          1273.2043
99 98         1745.09712
99 94         2067.65143
100 99          1273.2043
100 101         1461.93359
100 98         1835.90494
100 93         2352.56468
101 100         1461.93359
101 98         2437.63849
101 97         2579.31509
101 99         2693.94376
102 100         2620.66842
102 81         2772.72597
102 76         2955.83551
102 99         3005.76462
103 102         5143.28935
103 101         5243.87831
103 82         5340.47832
103 100         6094.44448
104 101         6097.92192
104 96         6168.17662
104 97         6235.49429
104 103         6281.98446
105 106         986.722922
105 125         1461.28184
105 5         1552.26234
105 109         1759.89541
106 105         986.722922
106 107         1258.12993
106 87         1336.75063
106 84          1500.1247
107 87         948.613437
107 106         1258.12993
107 88         1338.24961
107 108         1436.61858
108 107         1436.61858
108 112         1676.40155
108 109         1762.08419
108 88         1970.36595
109 110         1529.14213
109 105         1759.89541
109 108         1762.08419
109 126         1778.57633
110 134         1434.04507
110 133          1464.8452
110 109         1529.14213
110 112         1689.60135
111 135         1833.65206
111 139         1852.07196
111 112         1975.96026
111 110         2016.40458
112 108         1676.40155
112 110         1689.60135
112 111         1975.96026
112 109         2068.52358
113 95         2190.34552
113 89         2585.90032
113 108         2619.01723
113 88         2785.42303
114 115         1915.86523
114 116         2160.88763
114 96         2996.43079
114 113         3388.38506
115 114         1915.86523
115 116         2974.28616
115 96         3470.21509
115 117         3660.64689
116 114         2160.88763
116 119         2228.13513
116 117          2514.4019
116 120         2774.72815
117 116          2514.4019
117 120         2652.49198
117 119          3600.9068
117 115         3660.64689
118 112         2663.56475
118 111          2825.8613
118 113         2942.07551
118 119         3315.30419
119 120         1734.59703
119 116         2228.13513
119 121         2862.38028
119 118         3315.30419
120 119         1734.59703
120 121         2509.22032
120 117         2652.49198
120 116         2774.72815
121 120         2509.22032
121 119         2862.38028
121 143         3370.66342
121 122         3821.73699
122 120          3755.8256
122 121         3821.73699
122 117         4845.47982
122 119         5375.86262
123 124         924.122894
123 127         1241.55906
123 129         1337.54495
123 207         1479.07826
124 123         924.122894
124 125          1114.7096
124 6         1188.36576
124 127         1553.83942
125 124          1114.7096
125 5         1263.16727
125 126         1292.29247
125 105         1461.28184
126 125         1292.29247
126 133         1379.24541
126 128         1394.07069
126 109         1778.57633
127 128         827.085404
127 129         1058.64036
127 123         1241.55906
127 124         1553.83942
128 127         827.085404
128 132         1187.22171
128 126         1394.07069
128 124         1576.02483
129 127         1058.64036
129 123         1337.54495
129 211         1376.57493
129 152         1583.78399
130 131         961.398043
130 152         1660.11211
130 155         1790.72548
130 137         1878.11881
131 130         961.398043
131 132         1045.05298
131 136         1621.49727
131 128         1784.33086
132 131         1045.05298
132 133         1183.96778
132 128         1187.22171
132 134         1682.27241
133 134         1105.52938
133 132         1183.96778
133 126         1379.24541
133 110          1464.8452
134 135         885.470627
134 133         1105.52938
134 110         1434.04507
134 136         1572.48196
135 134         885.470627
135 139         1159.85259
135 136         1583.47943
135 111         1833.65206
136 134         1572.48196
136 135         1583.47943
136 137         1616.16079
136 131         1621.49727
137 156          1357.3002
137 136         1616.16079
137 130         1878.11881
137 159         1908.00114
138 159         1168.18618
138 137         2045.84512
138 158         2084.48233
138 136         2269.47581
139 135         1159.85259
139 111         1852.07196
139 134         2044.12434
139 136         2163.32974
140 139         2522.95558
140 138         2925.59525
140 141         3024.24494
140 143         3325.03184
141 142         1647.89634
141 144         1892.77483
141 143         2469.66214
141 140         3024.24494
142 143         922.881641
142 141         1647.89634
142 145         1757.56742
142 144         2847.79613
143 142         922.881641
143 145         1950.93473
143 141         2469.66214
143 140         3325.03184
144 141         1892.77483
144 149         2251.85542
144 142         2847.79613
144 147         2859.98516
145 147         1571.70578
145 142         1757.56742
145 143         1950.93473
145 141         3035.08071
146 151          3105.1659
146 150         3256.30156
146 149         3328.38936
146 148          3496.7053
147 145         1571.70578
147 148         1778.74101
147 149         1793.15337
147 144         2859.98516
148 149           1040.329
148 147         1778.74101
148 144         3255.41084
148 145         3347.80503
149 148           1040.329
149 147         1793.15337
149 144         2251.85542
149 145          3178.3105
150 185         2876.99339
150 144         2891.32928
150 151         3096.98487
150 146         3256.30156
151 190         2168.50112
151 189         2557.66544
151 191         2995.40287
151 187         3003.49685
152 154         1528.79881
152 129         1583.78399
152 211         1648.87535
152 130         1660.11211
153 154         953.920546
153 213         1238.34361
153 152         1853.63043
153 218         2139.01121
154 153         953.920546
154 161         1443.51887
154 152         1528.79881
154 155         1716.93278
155 161         1233.56091
155 156         1385.81599
155 154         1716.93278
155 130         1790.72548
156 137          1357.3002
156 155         1385.81599
156 157          1998.2033
156 159         2080.26463
157 158         1130.62057
157 180         1856.10064
157 159         1971.26673
157 156          1998.2033
158 159         940.842402
158 157         1130.62057
158 180         1931.98171
158 138         2084.48233
159 158         940.842402
159 138         1168.18618
159 137         1908.00114
159 157         1971.26673
160 163         1688.24775
160 161         1704.22761
160 162         2015.45304
160 157          2061.9163
161 155         1233.56091
161 154         1443.51887
161 160         1704.22761
161 156         2201.40809
162 169         1230.49591
162 168         1650.68962
162 163         1873.98301
162 160         2015.45304
163 179         1314.06047
163 178         1617.38736
163 160         1688.24775
163 162         1873.98301
164 165         956.054126
164 169         1440.49856
164 166         1874.03374
164 219         2019.06959
165 164         956.054126
165 219         1065.91309
165 166         2010.61481
165 218         2169.74356
166 170          1657.7722
166 168         1715.49707
166 169         1758.51143
166 164         1874.03374
167 168         1111.53009
167 174         1402.87475
167 170          1517.0646
167 176         1816.73086
168 167         1111.53009
168 169          1332.7183
168 162         1650.68962
168 166         1715.49707
169 162         1230.49591
169 168          1332.7183
169 164         1440.49856
169 166         1758.51143
170 167          1517.0646
170 171         1534.96526
170 166          1657.7722
170 168         1803.76066
171 170         1534.96526
171 230         1939.29188
171 172         2362.56405
171 231         2471.60529
172 173          931.00623
172 231         1602.07453
172 174         2092.60309
172 171         2362.56405
173 172          931.00623
173 174         1167.18487
173 167         2202.31531
173 170         2203.29016
174 173         1167.18487
174 167         1402.87475
174 175         1418.13797
174 172         2092.60309
175 174         1418.13797
175 199         1601.48765
175 176          1806.0174
175 167         2141.27425
176 178          1499.9565
176 175          1806.0174
176 167         1816.73086
176 168         2002.32668
177 178          1197.0057
177 196         1890.96934
177 179         1956.42572
177 176         2173.81775
178 179         1128.16821
178 177          1197.0057
178 176          1499.9565
178 163         1617.38736
179 178         1128.16821
179 163         1314.06047
179 177         1956.42572
179 176          2461.7498
180 184         830.983426
180 181         1467.53232
180 157         1856.10064
180 158         1931.98171
181 180         1467.53232
181 184         2030.76572
181 158         2133.00446
181 185         2463.77137
182 202         1307.59277
182 193         1920.68928
182 186         2054.26422
182 194         2143.02934
183 186         1735.21458
183 188          2125.8876
183 187         2534.87006
183 201         3095.77408
184 180         830.983426
184 181         2030.76572
184 185         2286.04402
184 157         2450.72034
185 188         2203.85138
185 184         2286.04402
185 181         2463.77137
185 180         2654.23505
186 183         1735.21458
186 187         1906.31819
186 182         2054.26422
186 189         2193.59397
187 188         1365.93212
187 189         1376.00754
187 186         1906.31819
187 183         2534.87006
188 187         1365.93212
188 183          2125.8876
188 185         2203.85138
188 186         2533.57736
189 187         1376.00754
189 190          1402.6537
189 192         2112.68906
189 186         2193.59397
190 191         1021.97995
190 189          1402.6537
190 151         2168.50112
190 192         2262.72264
191 190         1021.97995
191 192         2121.64621
191 189         2240.91846
191 151         2995.40287
192 193         1208.17239
192 189         2112.68906
192 191         2121.64621
192 190         2262.72264
193 192         1208.17239
193 194         1432.81956
193 182         1920.68928
193 186         2753.22598
194 193         1432.81956
194 182         2143.02934
194 192         2629.17646
194 202         2892.31859
195 198         2238.59888
195 197         2859.04857
195 172         3303.97228
195 173         3472.05325
196 201         1374.26668
196 199          1581.4821
196 177         1890.96934
196 175         2403.16786
197 198         2698.05605
197 195         2859.04857
197 200         2884.91975
197 203         3370.29417
198 199         1719.86016
198 195         2238.59888
198 200         2342.04058
198 197         2698.05605
199 196          1581.4821
199 175         1601.48765
199 198         1719.86016
199 174         2551.34464
200 203         2295.39608
200 198         2342.04058
200 201         2376.07648
200 202         2437.89807
201 196         1374.26668
201 202         1462.79641
201 200         2376.07648
201 182         2571.55805
202 182         1307.59277
202 201         1462.79641
202 200         2437.89807
202 196         2806.28663
203 200         2295.39608
203 202         3156.80057
203 194         3209.84716
203 197         3370.29417
204 205         4479.29533
204 234         4712.49737
204 197         5478.47905
204 203         7069.98387
205 204         4479.29533
205 203         4502.23966
205 197         5474.21052
205 194          6414.1019
206 194         9228.19236
206 191          9380.6689
206 205         9537.45829
206 193         9544.51317
207 7         1248.46363
207 212         1292.53208
207 123         1479.07826
207 8         1481.33936
208 8         1163.92241
208 210          1181.6624
208 9         1629.58411
208 209         1712.96033
209 12         1103.31606
209 210          1461.9475
209 208         1712.96033
209 10         2259.03521
210 208          1181.6624
210 209          1461.9475
210 215         1665.43153
210 212         1785.55103
211 212         1202.31803
211 129         1376.57493
211 213          1376.7276
211 152         1648.87535
212 211         1202.31803
212 207         1292.53208
212 214         1606.20452
212 210         1785.55103
213 153         1238.34361
213 214         1243.29043
213 211          1376.7276
213 218         1725.20214
214 213         1243.29043
214 215         1341.73094
214 218         1406.08984
214 212         1606.20452
215 214         1341.73094
215 210         1665.43153
215 218         2001.49509
215 212         2237.66887
216 220         1344.95601
216 217         1633.70291
216 219         2146.31173
216 218         2606.97201
217 17          1367.2045
217 216         1633.70291
217 220         2057.50212
217 215         2343.92559
218 220          1265.7053
218 214         1406.08984
218 213         1725.20214
218 219         1851.77995
219 165         1065.91309
219 220         1448.59121
219 218         1851.77995
219 164         2019.06959
220 218          1265.7053
220 216         1344.95601
220 219         1448.59121
220 217         2057.50212
221 223         1647.32185
221 230         1726.68465
221 229         1792.57289
221 222         2378.42307
222 224         1744.87148
222 225         1952.41278
222 229         2137.26422
222 221         2378.42307
223 221         1647.32185
223 16          2655.9965
223 216         2676.02252
223 222         2819.00348
224 225         1288.60962
224 222         1744.87148
224 229         2568.96533
224 22         2834.76544
225 224         1288.60962
225 229         1472.09099
225 226         1915.96354
225 222         1952.41278
226 231         1764.95442
226 225         1915.96354
226 229         2151.45988
226 228         2272.31587
227 232         1664.70321
227 228         1849.69983
227 224         3811.39173
227 226         4011.67369
228 227         1849.69983
228 226         2272.31587
228 232         2867.80947
228 225         2953.96835
229 230          936.84487
229 225         1472.09099
229 221         1792.57289
229 222         2137.26422
230 229          936.84487
230 221         1726.68465
230 171         1939.29188
230 225         2346.01031
231 172         1602.07453
231 226         1764.95442
231 171         2471.60529
231 173         2527.89836
232 227         1664.70321
232 228         2867.80947
232 224         2980.33242
232 225         3727.99322
233 235           3388.008
233 30         3864.43303
233 48         3938.36494
233 232         4129.34943
234 204         4712.49737
234 195         6222.72835
234 227         6280.51913
234 197         6480.03307
235 233           3388.008
235 232         6503.71024
235 227         6551.15935
235 48         6630.92206
